iter_time = 50; entity_num = 5; dim = 2
    Best entity position: [1.6820929383043599e-13, 1.2558046406398704e-13]
    Fitness: 4.406481948546029e-26
iter_time = 50; entity_num = 5; dim = 5
    Best entity position: [1.5423903757405337e-13, 2.1381660898730125e-13, 2.1730657892271074e-13, -1.5441981437660945e-13, 1.7889985309548362e-13]
    Fitness: 1.7258000874338317e-25
iter_time = 50; entity_num = 5; dim = 10
    Best entity position: [27.86456968933792, -14.602499273728512, 26.446642535904388, -39.54561123880062, 0.4334847200891421, 31.18296533537199, 18.040376250592107, -4.295789524815136, 14.758110467964247, 42.769855066131115]
    Fitness: 6616.48404465997
iter_time = 50; entity_num = 10; dim = 10
    Best entity position: [2.6915562830224913e-07, -2.728352610934771e-07, 4.281092895453572e-07, 4.1614270209264076e-07, -1.668144567802679e-07, -1.2560237618962678e-07, -4.199996841077485e-07, 1.9116746029474254e-07, -1.2673355471204623e-07, 1.1094838564769759e-07]
    Fitness: 7.882548348320273e-13