iter_time = 2500; bee_num = 20; dim = 20; tabu_num = 20
    Best bee position: [2.0388090822165893e-06, 1.7542218214167922e-05, -3.7727024582190145e-06, 7.110738017938374e-05, 1.1240552560269195e-05, -9.41555171016451e-05, 7.20241926497451e-07, 7.190466259530322e-05, 2.0476286172891591e-07, -4.850733845351856e-07, 1.6660550637726458e-06, -1.8374791792286402e-06, -8.874125532732355e-07, 1.6542247268533914e-05, -4.313013692637622e-08, 2.1743194378445043e-05, 9.97877636628355e-05, 0.0002520770684006654, 0.00013568354358845717, -1.0685337131872945e-06]
    Fitness: 1.122100326923451e-07
iter_time = 500; bee_num = 10; dim = 10; tabu_num = 20
    Best bee position: [0.002745792827777857, -0.000990183497378792, -1.1010553202416267e-05, 4.6525951284915e-06, 5.2891829987091085e-06, 0.00012830745939656653, -8.533331581147164e-08, -6.513955538539666e-05, 1.8380055707568614e-05, 0.0003306726111338576]
    Fitness: 8.650400641233942e-06