注意：当前循环的最佳个体和全局最佳个体的结果是一样的，这是贪婪搜索的结果
iter_time = 500; entity_num = 100; dim = 10;
    Best entity position: [-0.0005055901291496949, 0.000621654496762465, 0.0002602467393185516, 0.00041303551196601626, -0.0003157962906740815, 0.00017103177746637205, 0.0010391845478698392, -0.0007823376210701705, 0.00037032814771085343, -0.0003787830080145742]
    Fitness: 2.981957739637078e-06
iter_time = 500; entity_num = 200; dim = 20;
    Best entity position: [15.01323348328281, -14.884260422393238, -12.354283021970549, 0.09386855029507046, -25.137738022944276, 17.544314172568445, 35.142091649394736, 22.190461439955445, -13.674623148643853, 6.013457879101637, -27.62505181000177, 20.479495349752284, -10.80596963571749, -2.126507086808843, -12.991900504234078, 10.631444553145904, 18.28383050023722, -21.8532694785918, -48.6285373413694, -6.424192960470936]
    Fitness: 8293.354584528915
iter_time = 1000; entity_num = 300; dim = 20;
    Best entity position: [-11.531888976310064, 11.294365077865017, 4.045330490819772, -1.7668120073787996, -3.071262059370241, 5.303952906050208, 40.037453177747146, -5.037749225344822, 28.738648692656255, -17.34977275343621, 16.293360882130386, 39.09790660215218, -51.667876793911375, 13.573161607738832, -10.452330008493803, -17.131722752909617, 16.820234864580378, -1.8633569947050321, 9.636839647744779, -28.48163352087183]
    Fitness: 9314.030925502417
iter_time = 1000; entity_num = 400; dim = 20;
    Best entity position: [-3.5146591155056193, 17.319501087684586, 7.353007715967214, 25.060586251986038, 0.7745990423138276, -4.746288626384558, 25.695379059653817, -2.4132092758904555, 0.39910698268519695, 2.614836798076295, 35.88429616850718, 17.13366304610215, 31.058141280983264, 2.48653892778929, -0.0731371186658194, 5.617970312373622, -1.9377705342603484, -7.864033578630778, -6.534487974835974, 1.9817350925025927]
Fitness: 4386.445515546546