iter_time = 500; entity_num = 20; dim = 2;
    Best entity position: [-0.10580542685601735, 0.08352491056459116]
    Fitness: 0.01817119903700699
iter_time = 500; entity_num = 20; dim = 4;
    Best entity position: [0.21959694887347347, 0.669957779048084, -0.586851118248361, -0.1633216017328944]
    Fitness: 0.8681344262435302
iter_time = 500; entity_num = 40; dim = 4;
    Best entity position: [-0.053044897366632544, 0.05786382570027966, -0.1248953027279732, 0.10511028334420564]
    Fitness: 0.032808991769520186
iter_time = 1000; entity_num = 40; dim = 4;
    Best entity position: [-0.005710553012366379, 0.0023169703783068023, -0.0021790223449533255, -0.004905810803793528]
    Fitness: 6.679388546342109e-05