iter_time = 50; entity_num = 20; dim = 2;
    Best entity position: [1.0646871169254446, -1.7616180328685536]
    Fitness: 4.236856750674688
iter_time = 500; entity_num = 20; dim = 2;
    Best entity position: [-5.239392633133886e-06, -3.882446915289797e-06]
    Fitness: 4.25246292141809e-11
iter_time = 500; entity_num = 20; dim = 10;
    Best entity position: [0.0062074509678313305, 0.013908862488527112, -0.05568784208083051, 0.4354057031513963, 0.06055242720002723, -0.00689616527943338, 0.0016618900268378948, -0.2541687154910897, -0.14962040404677177, 0.22284280355462024]
    Fitness: 0.3332750827470541